[gd_scene load_steps=17 format=3 uid="uid://boamkotjhu5si"]

[ext_resource type="PackedScene" uid="uid://b4vganvc1e7a" path="res://Scenes/LevelBlockout.tscn" id="1_b6aip"]
[ext_resource type="PackedScene" uid="uid://bmkr6g26ix3ow" path="res://Assets/Base/rocks/rock_big.tscn" id="2_ib5h0"]
[ext_resource type="Texture2D" uid="uid://dlri81vhxehvf" path="res://Textures/Prototype/Light/texture_04.png" id="2_kmoup"]
[ext_resource type="PackedScene" uid="uid://df44qbjskigqv" path="res://Assets/Base/debris/temple_debris_1.tscn" id="4_6hekj"]
[ext_resource type="PackedScene" uid="uid://dc2kquulamku3" path="res://Assets/Base/temple_pillars/templearc_bottom.tscn" id="5_equpl"]
[ext_resource type="PackedScene" uid="uid://bc1l4deuw25a0" path="res://Assets/Base/rocks/rock_small.tscn" id="6_gjbkn"]
[ext_resource type="PackedScene" uid="uid://b33h0com025we" path="res://Assets/Base/ground_tiles/temple_tiles_normal_2.tscn" id="7_00y7v"]
[ext_resource type="PackedScene" uid="uid://bx8jat5qe4u57" path="res://Assets/Base/debris/temple_debris_2.tscn" id="8_jget7"]
[ext_resource type="PackedScene" uid="uid://1pj8m8rr0i88" path="res://Assets/Base/debris/temple_debris_3.tscn" id="9_xud2u"]
[ext_resource type="PackedScene" uid="uid://catld016h61fx" path="res://Assets/Base/debris/temple_debris_4.tscn" id="10_yvhvq"]
[ext_resource type="PackedScene" uid="uid://ccf34k3qgnnqr" path="res://Assets/Base/debris/temple_debris_5.tscn" id="11_gemy2"]
[ext_resource type="PackedScene" uid="uid://d00h2ucy2bs7g" path="res://Assets/Base/debris/temple_debris_6.tscn" id="12_y0by3"]
[ext_resource type="PackedScene" uid="uid://cmmpjwf7bjr5j" path="res://Assets/Base/debris/temple_debris_7.tscn" id="13_1pa02"]

[sub_resource type="BoxShape3D" id="BoxShape3D_ch688"]
size = Vector3(100, 0.5, 100)

[sub_resource type="StandardMaterial3D" id="StandardMaterial3D_t8t2l"]
albedo_color = Color(0.584314, 0.294118, 0.235294, 1)
albedo_texture = ExtResource("2_kmoup")
uv1_triplanar = true

[sub_resource type="BoxMesh" id="BoxMesh_1u1l6"]
material = SubResource("StandardMaterial3D_t8t2l")
size = Vector3(100, 0.5, 100)

[node name="Level" type="Node3D"]
process_mode = 1

[node name="LevelBlockout" parent="." instance=ExtResource("1_b6aip")]
transform = Transform3D(2, 0, 0, 0, 2, 0, 0, 0, 2, 0, -0.01, 0)
visible = false

[node name="StaticBody" type="StaticBody3D" parent="."]
transform = Transform3D(1, 0, 0, 0, 1, 0, 0, 0, 1, 0, -0.25, 0)

[node name="CollisionShape" type="CollisionShape3D" parent="StaticBody"]
shape = SubResource("BoxShape3D_ch688")

[node name="MeshInstance" type="MeshInstance3D" parent="StaticBody"]
mesh = SubResource("BoxMesh_1u1l6")

[node name="GPUParticlesCollisionBox3D" type="GPUParticlesCollisionBox3D" parent="StaticBody"]
size = Vector3(100, 0.5, 100)

[node name="DirectionalLight" type="DirectionalLight3D" parent="."]
transform = Transform3D(-0.81624, -0.241036, 0.525027, 0.289399, 0.615956, 0.732698, -0.5, 0.75, -0.433013, 0, 10, 0)
shadow_enabled = true

[node name="templearc_bottom" parent="." instance=ExtResource("5_equpl")]
transform = Transform3D(0.46941, 0, -0.882981, 0, 1, 0, 0.882981, 0, 0.46941, 27.9446, 0.400004, -15.9566)

[node name="templearc_bottom2" parent="." instance=ExtResource("5_equpl")]
transform = Transform3D(0.643228, 0, -0.765674, 0, 1, 0, 0.765674, 0, 0.643228, 25.0189, 2.27362, -19.5364)

[node name="templearc_bottom3" parent="." instance=ExtResource("5_equpl")]
transform = Transform3D(0.804583, 0, -0.59384, 0, 1, 0, 0.59384, 0, 0.804583, 21.3671, 4.21798, -22.2546)

[node name="templearc_bottom4" parent="." instance=ExtResource("5_equpl")]
transform = Transform3D(-0.397068, 0, -0.917789, 0, 1, 0, 0.917789, 0, -0.397068, 17.5589, 6.26139, -24.1216)

[node name="templearc_bottom5" parent="." instance=ExtResource("5_equpl")]
transform = Transform3D(0.926055, 0, -0.377388, 0, 1, 0, 0.377388, 0, 0.926055, 13.4042, 7.71122, -25.7431)

[node name="templearc_bottom6" parent="." instance=ExtResource("5_equpl")]
transform = Transform3D(0.967502, 0, -0.252863, 0, 1, 0, 0.252863, 0, 0.967502, 8.41682, 8.22108, -27.343)

[node name="templearc_bottom7" parent="." instance=ExtResource("5_equpl")]
transform = Transform3D(0.992988, 0, -0.118213, 0, 1, 0, 0.118213, 0, 0.992988, 2.49481, 8.7556, -27.4098)

[node name="templearc_bottom8" parent="." instance=ExtResource("5_equpl")]
transform = Transform3D(0.98563, 0, 0.16892, 0, 1, 0, -0.16892, 0, 0.98563, -6.12071, 10.1416, -25.5899)

[node name="templearc_bottom9" parent="." instance=ExtResource("5_equpl")]
transform = Transform3D(0.868994, 0, 0.494822, 0, 1, 0, -0.494822, 0, 0.868994, -26.1371, 10.1416, -15.5439)

[node name="templearc_bottom10" parent="." instance=ExtResource("5_equpl")]
transform = Transform3D(0.584291, 0, 0.811544, 0, 1, 0, -0.811544, 0, 0.584291, -30.0641, 12.3391, -8.32158)

[node name="templearc_bottom11" parent="." instance=ExtResource("5_equpl")]
transform = Transform3D(0.0660993, 0, 0.997813, 0, 1, 0, -0.997813, 0, 0.0660993, -32.2579, 15.5274, -1.01235)

[node name="templearc_bottom12" parent="." instance=ExtResource("5_equpl")]
transform = Transform3D(-0.298292, 0, 0.954474, 0, 1, 0, -0.954474, 0, -0.298292, -30.5929, 17.5556, 5.57416)

[node name="rock_big" parent="." instance=ExtResource("2_ib5h0")]
transform = Transform3D(0.933485, 0.273036, -0.232502, -0.264942, 0.962004, 0.0659886, 0.241685, 0, 0.970355, 21.3961, 0, -7.46432)

[node name="rock_big2" parent="." instance=ExtResource("2_ib5h0")]
transform = Transform3D(-0.937269, -0.240841, -0.252037, -0.264942, 0.962004, 0.0659886, 0.226567, 0.128624, -0.965465, 35.6198, 0, -9.55857)

[node name="rock_big3" parent="." instance=ExtResource("2_ib5h0")]
transform = Transform3D(0.342194, -0.0858717, 0.935698, -0.349306, 0.912822, 0.211518, -0.872289, -0.399225, 0.282367, -11.0853, 5.40677, -52.1377)

[node name="rock_big4" parent="." instance=ExtResource("2_ib5h0")]
transform = Transform3D(-0.337797, 0.0677018, -0.938781, 0.201046, 0.97958, -0.00169714, 0.919497, -0.189311, -0.34451, 2.26406, 5.40677, -49.2085)

[node name="rock_big5" parent="." instance=ExtResource("2_ib5h0")]
transform = Transform3D(0.2503, 0.0209184, -0.967943, 0.111541, 0.992486, 0.0502922, 0.961721, -0.120553, 0.246087, -24.5904, 5.40677, -49.2085)

[node name="rock_big6" parent="." instance=ExtResource("2_ib5h0")]
transform = Transform3D(-0.746316, 0.0502434, 0.663692, 0.111541, 0.992486, 0.0502922, -0.656178, 0.111562, -0.746314, -37.5198, 5.40677, -47.8456)

[node name="rock_big7" parent="." instance=ExtResource("2_ib5h0")]
transform = Transform3D(0.833174, 0.0616992, 0.549558, -0.0406123, 0.9979, -0.050462, -0.551517, 0.0197244, 0.833931, -39.2969, 5.40677, -37.5609)

[node name="rock_big8" parent="." instance=ExtResource("2_ib5h0")]
transform = Transform3D(-0.910597, -0.0161764, 0.412979, -0.0406123, 0.9979, -0.0504619, -0.411295, -0.062723, -0.909342, -46.424, 5.40677, -25.8866)

[node name="rock_big9" parent="." instance=ExtResource("2_ib5h0")]
transform = Transform3D(0.871158, 0.0600974, 0.487311, -0.0406123, 0.9979, -0.050462, -0.489319, 0.0241692, 0.87177, -49.1772, 5.40677, -16.0163)

[node name="rock_big10" parent="." instance=ExtResource("2_ib5h0")]
transform = Transform3D(-0.748531, 0.152508, -0.645324, 0.201046, 0.97958, -0.00169714, 0.631888, -0.13101, -0.763906, -51.9594, 5.40677, 3.084)

[node name="rock_big11" parent="." instance=ExtResource("2_ib5h0")]
transform = Transform3D(1.0218, 0.0597879, 0.359967, -0.0580125, 1.08334, -0.0152612, -0.360257, -0.00487438, 1.02343, -48.9823, 10.8762, 13.7846)

[node name="rock_big12" parent="." instance=ExtResource("2_ib5h0")]
transform = Transform3D(1, 0, 0, 0, 1, 0, 0, 0, 1, -49.5458, 14.5788, 25.6646)

[node name="rock_big13" parent="." instance=ExtResource("2_ib5h0")]
transform = Transform3D(-1.11933, 0, -0.754715, 0, 1.35, 0, 0.754715, 0, -1.11933, 29.2536, 9.13768, -37.3502)

[node name="rock_big14" parent="." instance=ExtResource("2_ib5h0")]
transform = Transform3D(-1.07487, -0.398647, 0.0907291, -0.395729, 1.07857, 0.0508264, -0.102713, 0.016285, -1.14529, 35.6198, 0, 3.60682)

[node name="rock_big15" parent="." instance=ExtResource("2_ib5h0")]
transform = Transform3D(-0.0720004, 0.0165048, 0.997268, -0.0668187, 0.997536, -0.0213336, -0.995164, -0.0681724, -0.0707204, -35.245, 8.66049, 33.3498)

[node name="rock_big16" parent="." instance=ExtResource("2_ib5h0")]
transform = Transform3D(0.616313, 0.0580787, 0.785357, -0.0668188, 0.997536, -0.0213336, -0.784662, -0.0393287, 0.618675, -23.26, 8.66049, 38.9343)

[node name="rock_big17" parent="." instance=ExtResource("2_ib5h0")]
transform = Transform3D(-0.621625, -0.0234158, 0.852091, -0.0704938, 1.0524, -0.0225068, -0.849493, -0.070197, -0.621658, -12.965, 10.5, 39.1409)

[node name="rock_big18" parent="." instance=ExtResource("2_ib5h0")]
transform = Transform3D(-0.862293, 0.0334946, 0.76015, 0.0892966, 1.1454, 0.0508264, -0.755628, 0.0971358, -0.861448, 27.7846, 8.73282, 18.7988)

[node name="rock_big19" parent="." instance=ExtResource("2_ib5h0")]
transform = Transform3D(-0.636609, 0.0378632, 1.13283, 0.114249, 1.2948, 0.0209272, -1.12769, 0.109806, -0.63739, 18.0634, 7.28306, 31.5097)

[node name="rock_big20" parent="." instance=ExtResource("2_ib5h0")]
transform = Transform3D(0.157582, 0.00336473, 0.845433, 0.0544918, 0.858165, -0.0135722, -0.843682, 0.0560556, 0.157033, -4.23193, 6.15606, 17.6119)

[node name="rock_big21" parent="." instance=ExtResource("2_ib5h0")]
transform = Transform3D(-0.931943, 0.155865, 0.950152, 0.200012, 1.32482, -0.0211475, -0.941848, 0.127115, -0.944651, 41.6165, 56.1104, 75.6185)

[node name="rock_big22" parent="." instance=ExtResource("2_ib5h0")]
transform = Transform3D(0.55283, 0.128437, 1.21387, -0.227587, 1.32004, -0.0360213, -1.19924, -0.191304, 0.566409, -57.3734, 66.9, 84.5458)

[node name="rock_big23" parent="." instance=ExtResource("2_ib5h0")]
transform = Transform3D(1.05873, 0.0359597, -0.574301, -0.0196686, 1.2042, 0.0391416, 0.575089, -0.0250163, 1.05862, -91.3736, 48.0682, -68.2247)

[node name="rock_big24" parent="." instance=ExtResource("2_ib5h0")]
transform = Transform3D(0.211399, 0.175989, -1.38801, -0.0733099, 1.40323, 0.166753, 1.3972, 0.0469987, 0.218758, -44.0208, 92.6887, -100.2)

[node name="rock_small" parent="." instance=ExtResource("6_gjbkn")]
transform = Transform3D(1.55, 0, 0, 0, 1.55, 0, 0, 0, 1.55, -50.614, 12.6302, -3.91577)

[node name="rock_small2" parent="." instance=ExtResource("6_gjbkn")]
transform = Transform3D(-1.0629, 0, -0.74849, 0, 1.3, 0, 0.74849, 0, -1.0629, -46.8008, 8.93024, 28.6968)

[node name="rock_small3" parent="." instance=ExtResource("6_gjbkn")]
transform = Transform3D(-0.447232, 0, -1.37931, 0, 1.45, 0, 1.37931, 0, -0.447232, 16.2951, 9.74015, -49.2193)

[node name="rock_small4" parent="." instance=ExtResource("6_gjbkn")]
transform = Transform3D(-0.971793, 0, 0.235837, 0, 1, 0, -0.235837, 0, -0.971793, 34.773, 8.02153, -23.206)

[node name="rock_small5" parent="." instance=ExtResource("6_gjbkn")]
transform = Transform3D(-1.34575, 0, 0.385963, 0, 1.4, 0, -0.385963, 0, -1.34575, 36.5493, 8.02153, -29.7727)

[node name="rock_small6" parent="." instance=ExtResource("6_gjbkn")]
transform = Transform3D(-0.284095, 0, -1.50339, 0, 1.53, 0, 1.50339, 0, -0.284095, 0.915182, 9.53587, 41.4085)

[node name="rock_small7" parent="." instance=ExtResource("6_gjbkn")]
transform = Transform3D(-0.00108543, 0, 1.635, 0, 1.635, 0, -1.635, 0, -0.00108543, -4.37181, 9.53587, 40.729)

[node name="rock_small8" parent="." instance=ExtResource("6_gjbkn")]
transform = Transform3D(0.648517, 0, -1.8602, 0, 1.97, 0, 1.8602, 0, 0.648517, -3.57523, 48.0523, -85.6499)

[node name="rock_small9" parent="." instance=ExtResource("6_gjbkn")]
transform = Transform3D(-0.561529, 0, -1.35311, 0, 1.465, 0, 1.35311, 0, -0.561529, 60.1547, 42.1019, -51.0263)

[node name="rock_small10" parent="." instance=ExtResource("6_gjbkn")]
transform = Transform3D(1.85576, 0, 0.267915, 0, 1.875, 0, -0.267915, 0, 1.85576, -123.229, 93.9122, 21.1579)

[node name="rock_small11" parent="." instance=ExtResource("6_gjbkn")]
transform = Transform3D(-1.86579, 0, 0.512874, 0, 1.935, 0, -0.512874, 0, -1.86579, 66.8584, 98.3347, 6.75784)

[node name="temple_tiles_normal_2" parent="." instance=ExtResource("7_00y7v")]
transform = Transform3D(1.86334, 0, 0.7266, 0, 2, 0, -0.7266, 0, 1.86334, -16.8275, 10.7795, -20.9558)

[node name="temple_tiles_normal_3" parent="." instance=ExtResource("7_00y7v")]
transform = Transform3D(1.39099, 0, 1.43705, 0, 2, 0, -1.43705, 0, 1.39099, -26.2511, 19.1234, 15.4748)

[node name="temple_debris_1" parent="." instance=ExtResource("4_6hekj")]
transform = Transform3D(0.746116, 0, 0.665817, 0, 1, 0, -0.665817, 0, 0.746116, -27.8463, 1.90116, 28.5422)

[node name="temple_debris_2" parent="." instance=ExtResource("8_jget7")]
transform = Transform3D(1, 0, 0, 0, 0.987167, -0.159692, 0, 0.159692, 0.987167, -35.5833, 0.197211, 23.9525)

[node name="temple_debris_3" parent="." instance=ExtResource("9_xud2u")]
transform = Transform3D(1, 0, 0, 0, 1, 0, 0, 0, 1, -40.1338, 0.743079, 17.5056)

[node name="temple_debris_4" parent="." instance=ExtResource("10_yvhvq")]
transform = Transform3D(0.886276, 0, 0.463157, 0, 1, 0, -0.463157, 0, 0.886276, -40.1793, 0.42736, -13.6225)

[node name="temple_debris_5" parent="." instance=ExtResource("11_gemy2")]
transform = Transform3D(0.0609006, -0.0283997, 0.99774, 0.422634, 0.9063, 0, -0.904252, 0.421679, 0.0671969, -25.1429, 0.306983, -35.6365)

[node name="temple_debris_6" parent="." instance=ExtResource("12_y0by3")]
transform = Transform3D(1, 0, 0, 0, 1, 0, 0, 0, 1, -3.27017, 1.13775, -40.9095)

[node name="temple_debris_7" parent="." instance=ExtResource("13_1pa02")]
transform = Transform3D(-0.041649, 0, -0.999132, 0, 1, 0, 0.999132, 0, -0.041649, 8.94369, 0.411177, -40.5612)
