[gd_scene load_steps=15 format=3 uid="uid://b4vganvc1e7a"]

[sub_resource type="StandardMaterial3D" id="StandardMaterial3D_haup1"]
metallic = 1.0

[sub_resource type="BoxMesh" id="BoxMesh_gcm1j"]
material = SubResource("StandardMaterial3D_haup1")
size = Vector3(10, 0.5, 10)

[sub_resource type="StandardMaterial3D" id="StandardMaterial3D_7lijq"]

[sub_resource type="BoxMesh" id="BoxMesh_achkr"]
material = SubResource("StandardMaterial3D_7lijq")
size = Vector3(7, 0.5, 10)

[sub_resource type="StandardMaterial3D" id="StandardMaterial3D_f3uii"]

[sub_resource type="BoxMesh" id="BoxMesh_3p5dl"]
material = SubResource("StandardMaterial3D_f3uii")
size = Vector3(7, 0.5, 10)

[sub_resource type="StandardMaterial3D" id="StandardMaterial3D_2y3v1"]

[sub_resource type="BoxMesh" id="BoxMesh_cq1si"]
material = SubResource("StandardMaterial3D_2y3v1")
size = Vector3(6, 1.5, 1.3)

[sub_resource type="StandardMaterial3D" id="StandardMaterial3D_p8gp0"]

[sub_resource type="BoxMesh" id="BoxMesh_r0xgr"]
material = SubResource("StandardMaterial3D_p8gp0")
size = Vector3(6.5, 1, 1)

[sub_resource type="StandardMaterial3D" id="StandardMaterial3D_sxin0"]

[sub_resource type="BoxMesh" id="BoxMesh_3lymy"]
material = SubResource("StandardMaterial3D_sxin0")
size = Vector3(1.5, 3, 2.3)

[sub_resource type="StandardMaterial3D" id="StandardMaterial3D_dohqu"]

[sub_resource type="BoxMesh" id="BoxMesh_t2tlh"]
material = SubResource("StandardMaterial3D_dohqu")
size = Vector3(1.2, 3, 1.7)

[node name="LevelBlockout" type="Node3D"]
transform = Transform3D(2, 0, 0, 0, 2, 0, 0, 0, 2, 0, 0, 0)

[node name="MeshInstance1" type="MeshInstance3D" parent="."]
transform = Transform3D(1, 0, 0, 0, 1, 0, 0, 0, 1, 0, -0.25, 0)
mesh = SubResource("BoxMesh_gcm1j")

[node name="MeshInstance2" type="MeshInstance3D" parent="."]
transform = Transform3D(-0.351111, 0.929511, -0.112829, -0.934474, -0.34027, 0.104757, 0.0589808, 0.142217, 0.988077, -3.0405, 2.48048, -0.469723)
mesh = SubResource("BoxMesh_achkr")

[node name="MeshInstance3" type="MeshInstance3D" parent="."]
transform = Transform3D(-0.136404, -0.988513, -0.0650917, -0.990549, 0.137049, -0.0055258, 0.0143832, 0.0637227, -0.997864, 2.56532, 2.95235, -1.98114)
mesh = SubResource("BoxMesh_3p5dl")

[node name="MeshInstance4" type="MeshInstance3D" parent="."]
transform = Transform3D(0.944003, -0.329387, -0.0190615, 0.322871, 0.910347, 0.258889, -0.0679219, -0.250546, 0.965719, -0.24205, 5.65253, -1.01097)
mesh = SubResource("BoxMesh_cq1si")

[node name="MeshInstance5" type="MeshInstance3D" parent="."]
transform = Transform3D(0.935288, 0.345161, 0.0781091, -0.273303, 0.844711, -0.460185, -0.224818, 0.409058, 0.88438, -0.15533, 4.75947, 2.06567)
mesh = SubResource("BoxMesh_r0xgr")

[node name="MeshInstance6" type="MeshInstance3D" parent="."]
transform = Transform3D(0.920674, 0.240607, -0.307357, -0.252846, 0.967506, 3.72529e-09, 0.29737, 0.077714, 0.951594, -3.04575, 1.25993, 1.00841)
mesh = SubResource("BoxMesh_3lymy")

[node name="MeshInstance7" type="MeshInstance3D" parent="."]
transform = Transform3D(0.976878, -0.213798, 0, 0.213798, 0.976878, 0, 0, 0, 1, 2.11047, 1.25993, 1.05153)
mesh = SubResource("BoxMesh_t2tlh")
